0 0 0 0 0 0 0 0 1 1 1 1 15 15 15 15 15 15 15 15 999
0 0 0 0 0 0 1 1 43 43 43 42 1 1 15 15 15 15 15 15 999
0 0 0 0 0 1 43 43 43 18 42 42 43 42 1 15 15 15 15 15 999
0 0 0 0 1 43 42 42 42 18 42 42 42 42 42 1 15 15 15 15 999
0 0 0 1 43 42 43 42 18 18 42 42 42 42 42 42 1 15 15 15 999
0 0 1 43 42 42 42 42 42 18 42 42 42 42 42 42 42 1 15 15 999
0 1 43 42 43 42 42 40 40 40 40 40 42 42 42 41 42 42 1 15 999
0 1 43 42 42 42 43 40 32 32 32 40 42 42 42 42 42 42 1 15 999
1 43 43 42 42 40 40 32 0 19 15 32 40 40 42 42 42 41 42 1 999
1 43 43 42 42 40 32 0 29 19 29 15 32 40 42 42 42 42 42 1 999
1 18 18 18 18 40 32 19 19 25 19 19 32 40 18 18 18 18 42 1 999
1 43 42 18 42 40 32 15 29 19 29 0 32 40 42 18 42 42 41 1 999
1 43 42 43 42 40 40 32 15 19 0 32 40 40 42 42 41 42 41 1 999
15 1 42 42 42 42 42 40 32 32 32 40 41 42 41 42 42 41 1 0 999
15 1 43 42 42 42 42 40 40 40 40 40 42 42 42 42 41 1 0 0 999
15 15 1 42 42 42 42 42 42 18 42 42 41 42 41 41 41 1 0 0 999
15 15 15 1 43 42 41 42 42 18 18 42 42 41 41 1 1 0 0 0 999
15 15 15 15 1 1 42 42 42 18 42 41 41 1 1 0 0 0 0 0 999
15 15 15 15 15 15 1 1 41 18 41 41 1 0 0 0 0 0 0 0 999
15 15 15 15 15 15 15 15 1 1 1 1 0 0 0 0 0 0 0 0 1000